 222     1            000   9999         222     000      1     888   
2   2   11           0   0 9   9        2   2   0   0    11    8   8  
    2  1 1          0     09   9            2  0     0  1 1    8   8  
   2     1          0     0 9999           2   0     0    1     888   
  2      1          0     0    9          2    0     0    1    8   8  
 2       1      **   0   0    9     **   2      0   0     1    8   8  
22222  11111    **    000    9      **  22222    000    11111   888   



 222     1            000   9999         222     000      1     888   
2   2   11           0   0 9   9        2   2   0   0    11    8   8  
    2  1 1          0     09   9            2  0     0  1 1    8   8  
   2     1          0     0 9999           2   0     0    1     888   
  2      1          0     0    9          2    0     0    1    8   8  
 2       1      **   0   0    9     **   2      0   0     1    8   8  
22222  11111    **    000    9      **  22222    000    11111   888   

